0.0      83.7104564184      94.5621575696      90.8607299997      97.3433151156      15.9926427556      6.25091392379      42.3057360802      18.1580185897      45.4846615789      35.8082010981      84.6180079014      88.2608486075      59.8854942667      92.8781378944      89.4274555939      24.2262701574      49.0236757485      88.6101773215      16.5208168991      
83.7104564184      0.0      21.6384869429      77.9453169299      24.3442432647      78.703172023      86.8440018035      42.0780108821      67.2943851218      82.2068657474      68.8682250266      8.12205434866      22.635355009      43.6229080515      11.7627897164      57.8701814953      61.1136301043      45.1349212388      8.60917851552      88.932502569      
94.5621575696      21.6384869429      0.0      64.6760363835      3.05170364734      92.7208442175      96.4902430296      52.5303916188      76.7740092323      82.0696425417      71.8599561829      29.083890859      7.67042761459      64.1086871501      27.5431624233      42.9280110413      70.5041462729      48.4579683296      13.1826827954      96.2945659174      
90.8607299997      77.9453169299      64.6760363835      0.0      64.6826743208      99.6707798089      88.4420531971      68.3274172473      75.7478758985      50.2966382138      55.0595369845      85.7045950994      58.4028415079      102.320188209      88.58417476      21.9686718299      72.3432426548      52.0258769736      73.2184050526      81.3053683357      
97.3433151156      24.3442432647      3.05170364734      64.6826743208      0.0      95.6724455272      99.1889047228      55.3942096622      79.5019411211      83.9235995943      74.0846106522      31.5810903714      9.63775237315      67.0739391813      29.4641942162      42.7912633263      73.2436097211      50.871363965      15.783685081      98.8228202176      
15.9926427556      78.703172023      92.7208442175      99.6707798089      95.6724455272      0.0      22.2283134573      40.8111929003      23.9795996444      58.4664113812      45.978705605      78.1193894063      87.2824042813      47.9943122206      86.4448343046      94.9207653389      27.6900908515      52.2308430957      84.8125142353      32.3797994546      
6.25091392379      86.8440018035      96.4902430296      88.4420531971      99.1889047228      22.2283134573      0.0      44.9292034712      19.787258955      41.3853056602      33.5967867436      88.243855098      89.918447366      65.2791864474      96.42892021      88.4884418047      26.0838159322      49.6578699137      91.2868489646      10.6120798827      
42.3057360802      42.0780108821      52.5303916188      68.3274172473      55.3942096622      40.8111929003      44.9292034712      0.0      25.2468550665      47.2797340097      31.4102262033      44.3400116909      46.6631075223      36.5571403424      52.2463312667      57.8452324998      19.03702042      16.3440261306      46.3821975665      46.9757906233      
18.1580185897      67.2943851218      76.7740092323      75.7478758985      79.5019411211      23.9795996444      19.787258955      25.2468550665      0.0      36.4944583677      22.3592234401      69.1126147184      70.307532726      50.8854554576      77.1915241629      72.187852775      6.29666123591      30.9210359978      71.5358194959      22.4729688464      
45.4846615789      82.2068657474      82.0696425417      50.2966382138      83.9235995943      58.4664113812      41.3853056602      47.2797340097      36.4944583677      0.0      16.2122820143      87.1706814312      74.4273059448      82.4923103701      93.8299482086      57.2227829366      37.0383855998      37.2388013442      82.7304536866      32.4297510617      
35.8082010981      68.8682250266      71.8599561829      55.0595369845      74.0846106522      45.978705605      33.5967867436      31.4102262033      22.3592234401      16.2122820143      0.0      73.0864327073      64.4468838678      66.2810145615      80.217717153      55.5784277739      21.5008718064      24.006048524      70.5129634906      28.0238286802      
84.6180079014      8.12205434866      29.083890859      85.7045950994      31.5810903714      78.1193894063      88.243855098      44.3400116909      69.1126147184      87.1706814312      73.0864327073      0.0      30.7027904543      38.9593112712      8.33212136563      65.874377616      63.1229006261      49.9329989899      15.9148441993      91.2494400498      
88.2608486075      22.635355009      7.67042761459      58.4028415079      9.63775237315      87.2824042813      89.918447366      46.6631075223      70.307532726      74.4273059448      64.4468838678      30.7027904543      0.0      62.1798435283      31.1836554639      37.0444046334      64.0830027542      41.29519093      15.589559962      89.3149532023      
59.8854942667      43.6229080515      64.1086871501      102.320188209      67.0739391813      47.9943122206      65.2791864474      36.5571403424      50.8854554576      82.4923103701      66.2810145615      38.9593112712      62.1798435283      0.0      46.2660676923      87.7939583299      47.1675076229      51.9907630156      52.0025101654      72.1792709457      
92.8781378944      11.7627897164      27.5431624233      88.58417476      29.4641942162      86.4448343046      96.42892021      52.2463312667      77.1915241629      93.8299482086      80.217717153      8.33212136563      31.1836554639      46.2660676923      0.0      67.8766492731      71.1450894291      56.6667621921      15.6205184367      99.2163270498      
89.4274555939      57.8701814953      42.9280110413      21.9686718299      42.7912633263      94.9207653389      88.4884418047      57.8452324998      72.187852775      57.2227829366      55.5784277739      65.874377616      37.0444046334      87.7939583299      67.8766492731      0.0      67.3656600388      43.0250178202      52.3052167744      83.5880396434      
24.2262701574      61.1136301043      70.5041462729      72.3432426548      73.2436097211      27.6900908515      26.0838159322      19.03702042      6.29666123591      37.0383855998      21.5008718064      63.1229006261      64.0830027542      47.1675076229      71.1450894291      67.3656600388      0.0      25.2759113907      65.2585577287      28.1649073564      
49.0236757485      45.1349212388      48.4579683296      52.0258769736      50.871363965      52.2308430957      49.6578699137      16.3440261306      30.9210359978      37.2388013442      24.006048524      49.9329989899      41.29519093      51.9907630156      56.6667621921      43.0250178202      25.2759113907      0.0      46.5069211494      48.1058684868      
88.6101773215      8.60917851552      13.1826827954      73.2184050526      15.783685081      84.8125142353      91.2868489646      46.3821975665      71.5358194959      82.7304536866      70.5129634906      15.9148441993      15.589559962      52.0025101654      15.6205184367      52.3052167744      65.2585577287      46.5069211494      0.0      92.4862606787      
16.5208168991      88.932502569      96.2945659174      81.3053683357      98.8228202176      32.3797994546      10.6120798827      46.9757906233      22.4729688464      32.4297510617      28.0238286802      91.2494400498      89.3149532023      72.1792709457      99.2163270498      83.5880396434      28.1649073564      48.1058684868      92.4862606787      0.0      
