0.0      69.5952557543      55.173841357      66.7880931481      89.5452784683      97.1849469478      12.2230406587      41.7379563994      89.9087077713      67.8750932056      82.0226317901      72.8662452443      89.2538035632      107.552540652      30.101624      63.7094363138      19.3130360918      95.698452146      56.9771084571      38.3972967462      76.9265327459      89.2377297844      
69.5952557543      0.0      69.8008112202      59.9535306192      22.9665407149      64.1423763903      65.8616108723      33.1286246304      32.6692834507      60.0657150965      18.1734662117      15.9550941446      53.4954619164      39.1933404982      74.3136223907      5.90223094046      78.4810332855      33.27570499      35.6340422737      50.7438367635      16.4685329933      34.7928393723      
55.173841357      69.8008112202      0.0      105.243910348      76.918906504      125.784356262      64.2993464269      66.8380039344      67.2561328167      20.4765897827      69.4070131296      60.5019024729      115.49590798      93.5478293855      83.2462626578      66.221907749      74.4722708887      103.075788396      84.3712568107      23.9116565859      85.2161581705      103.163002051      
66.7880931481      59.9535306192      105.243910348      0.0      81.029508891      34.0202288479      55.0889926208      39.0468822996      92.6227937761      106.049484338      77.9380068408      74.9000671745      30.4586944194      92.4025704195      45.4366523318      56.9952241178      59.0153877961      59.0601522503      24.9380918171      81.3515959801      50.6886205485      47.0997412315      
89.5452784683      22.9665407149      76.918906504      81.029508891      0.0      78.469510769      87.3153915334      55.9017847305      16.1890374582      61.7476012814      7.99172107438      17.7579424116      68.5150218539      18.2677158613      97.0007314704      28.2326295996      100.286699056      37.0971524473      57.7007768914      63.413179796      31.2465426202      45.1595838356      
97.1849469478      64.1423763903      125.784356262      34.0202288479      78.469510769      0.0      86.3786214781      60.5730870629      93.5326026106      121.440801157      78.7606607281      79.9539851964      10.7082448941      83.3186656892      79.1350088687      64.314742426      92.1485502971      44.5559475003      42.4670794831      102.464740648      48.6746745397      33.660389831      
12.2230406587      65.8616108723      64.2993464269      55.0889926208      87.3153915334      86.3786214781      0.0      34.80510464      89.8795881712      74.5966350388      80.2520583815      71.7479515835      78.9726584201      104.806382158      19.0271201853      59.992255804      13.3459576951      88.8478019732      47.7336681928      44.5980194737      70.7787687674      81.2841819573      
41.7379563994      33.1286246304      66.8380039344      39.0468822996      55.9017847305      60.5730870629      34.80510464      0.0      62.3897018557      67.0791851734      49.9403059155      43.3432375375      51.0725479528      72.2100672682      41.1877913518      27.6698480485      46.4101784677      54.2006976338      18.120011302      42.9704154332      35.9776164172      47.5404718328      
89.9087077713      32.6692834507      67.2561328167      92.6227937761      16.1890374582      93.5326026106      89.8795881712      62.3897018557      0.0      49.7590244369      15.0310367718      19.0475669624      83.3012636812      27.277707609      102.160932706      36.1949430466      103.193582345      53.2257991105      68.1844756474      58.32913886      45.2077154883      60.7026018304      
67.8750932056      60.0657150965      20.4765897827      106.049484338      61.7476012814      121.440801157      74.5966350388      67.0791851734      49.7590244369      0.0      55.0007724211      47.4555744312      110.79944425      76.8758645219      92.6424982316      57.9863518505      86.4758312757      92.4604737027      82.716108643      29.9989699413      76.4413967319      94.8006115725      
82.0226317901      18.1734662117      69.4070131296      77.9380068408      7.99172107438      78.7606607281      80.2520583815      49.9403059155      15.0310367718      55.0007724211      0.0      9.76771657813      68.4360240483      26.2022447517      90.732285857      22.552859554      93.3458067404      40.1437054819      53.7952048378      55.4313916676      30.2501286312      46.3849926686      
72.8662452443      15.9550941446      60.5019024729      74.9000671745      17.7579424116      79.9539851964      71.7479515835      43.3432375375      19.0475669624      47.4555744312      9.76771657813      0.0      69.3461330059      35.950602807      83.2966277439      17.9068132855      84.9726813639      45.3252825098      50.1059278154      45.7010337972      31.594819014      49.3874007261      
89.2538035632      53.4954619164      115.49590798      30.4586944194      68.5150218539      10.7082448941      78.9726584201      51.0725479528      83.3012636812      110.79944425      68.4360240483      69.3461330059      0.0      74.5257613826      73.6562797463      53.6067185061      85.8692520716      36.2740914235      33.1598338364      92.3447029911      38.2363410735      24.5352235314      
107.552540652      39.1933404982      93.5478293855      92.4025704195      18.2677158613      83.3186656892      104.806382158      72.2100672682      27.277707609      76.8758645219      26.2022447517      35.950602807      74.5257613826      0.0      113.373528575      44.9445605528      117.586820043      38.8272276541      71.0363843682      81.4250088885      41.8474041533      49.9919463908      
30.101624      74.3136223907      83.2462626578      45.4366523318      97.0007314704      79.1350088687      19.0271201853      41.1877913518      102.160932706      92.6424982316      90.732285857      83.2966277439      73.6562797463      113.373528575      0.0      68.7882214507      14.6269224352      91.2081074039      47.3769411373      62.7725644627      75.170532956      81.7036215287      
63.7094363138      5.90223094046      66.221907749      56.9952241178      28.2326295996      64.314742426      59.992255804      27.6698480485      36.1949430466      57.9863518505      22.552859554      17.9068132855      53.6067185061      44.9445605528      68.7882214507      0.0      72.66148251      37.3259541692      32.2122757816      46.152135155      18.999790115      37.1480917685      
19.3130360918      78.4810332855      74.4722708887      59.0153877961      100.286699056      92.1485502971      13.3459576951      46.4101784677      103.193582345      86.4758312757      93.3458067404      84.9726813639      85.8692520716      117.586820043      14.6269224352      72.66148251      0.0      99.588027485      56.8445468483      56.59572357      82.1805838864      91.1502203471      
95.698452146      33.27570499      103.075788396      59.0601522503      37.0971524473      44.5559475003      88.8478019732      54.2006976338      53.2257991105      92.4604737027      40.1437054819      45.3252825098      36.2740914235      38.8272276541      91.2081074039      37.3259541692      99.588027485      0.0      43.9341264059      83.4641938333      19.2882153706      12.2669154866      
56.9771084571      35.6340422737      84.3712568107      24.9380918171      57.7007768914      42.4670794831      47.7336681928      18.120011302      68.1844756474      82.716108643      53.7952048378      50.1059278154      33.1598338364      71.0363843682      47.3769411373      32.2122757816      56.8445468483      43.9341264059      0.0      60.6594426569      29.6912519025      34.4363056829      
38.3972967462      50.7438367635      23.9116565859      81.3515959801      63.413179796      102.464740648      44.5980194737      42.9704154332      58.32913886      29.9989699413      55.4313916676      45.7010337972      92.3447029911      81.4250088885      62.7725644627      46.152135155      56.59572357      83.4641938333      60.6594426569      0.0      64.6872241106      81.9136737681      
76.9265327459      16.4685329933      85.2161581705      50.6886205485      31.2465426202      48.6746745397      70.7787687674      35.9776164172      45.2077154883      76.4413967319      30.2501286312      31.594819014      38.2363410735      41.8474041533      75.170532956      18.999790115      82.1805838864      19.2882153706      29.6912519025      64.6872241106      0.0      18.3593497835      
89.2377297844      34.7928393723      103.163002051      47.0997412315      45.1595838356      33.660389831      81.2841819573      47.5404718328      60.7026018304      94.8006115725      46.3849926686      49.3874007261      24.5352235314      49.9919463908      81.7036215287      37.1480917685      91.1502203471      12.2669154866      34.4363056829      81.9136737681      18.3593497835      0.0      
